023401341234012401233 has connected to Server 0 1
2 has connected to Server 0 1
4 has connected to Server 0 1
0 B
Client 4 has connected to 0
0 B
Client 3 has connected to 0
0 B
Client 2 has connected to 0
1 has connected to Server 0 1
4 has connected to Server 1 2
2 has connected to Server 1 2
3 has connected to Server 1 2
1 B
Client 3 has connected to 1
0 B
Client 1 has connected to 0
1 B
Client 4 has connected to 1
1 B
Client 2 has connected to 1
3 has connected to Server 2 3
4 has connected to Server 2 3
2 B
Client 4 has connected to 2
0 has connected to Server 1 1
1 B
Client 0 has connected to 1
2 B
Client 3 has connected to 2
4 has connected to Server 3 4
3 B
Client 4 has connected to 3
0 has connected to Server 2 2
2 B
Client 0 has connected to 2
1 has connected to Server 2 2
2 B
Client 1 has connected to 2
0 has connected to Server 3 3
3 B
Client 0 has connected to 3
1 has connected to Server 3 3
3 B
Client 1 has connected to 3
2 has connected to Server 3 3
3 B
Client 2 has connected to 3
0 has connected to Server 4 4
AFollower Command HelloLeaader 0
1 has connected to Server 4 4
A4 B
Client 0 has connected to 4
3 has connected to Server 4 4
A2 has connected to Server 4 4
A4 B
Client 2 has connected to 4
ID 1 Follower Started Election 
ID 0 0 2 Follower RequestVote 
ID 0 0 3 Follower RequestVote 
ID 0 Follower Started Election 
ID 0 0 0 Candidate RequestVote 
falseID 0 0 1 Candidate RequestVote 
falseID 1 Candidate Won Election 

1438651034	0	0	0	
ID 0 0 2 Follower RequestVote 
false
1438651034	0	0	2	

1438651034	0	0	2	

1438651034	0	0	0	
ID 0 0 3 Follower RequestVote 
false
1438651034	0	0	3	

1438651034	0	0	3	
4 B
Client 1 has connected to 4

1438651034	0	0	2	

1438651034	0	0	3	

1438651034	0	0	0	

1438651035	0	0	2	

1438651035	0	0	0	

1438651035	0	0	3	

1438651035	0	0	2	

1438651035	0	0	3	

1438651035	0	0	0	
4 B
Client 3 has connected to 4
AID 0 0 4 Follower RequestVote 
ID 0 0 4 Follower RequestVote 
false
1438651035	0	0	4	

1438651035	0	0	4	

1438651035	0	0	4	

1438651035	0	0	4	

1438651035	0	0	0	

1438651035	0	0	4	

1438651035	0	0	4	

1438651035	0	0	2	

1438651035	0	0	0	

1438651035	0	0	4	

1438651035	0	0	2	

1438651035	0	0	3	

1438651035	0	0	0	

1438651035	0	0	4	

1438651035	0	0	2	

1438651035	0	0	2	

1438651035	0	0	0	

1438651035	0	0	3	

1438651035	0	0	4	

1438651035	0	0	2	

1438651035	0	0	3	

1438651035	0	0	4	

1438651035	0	0	0	

1438651035	0	0	4	

1438651035	0	0	2	

1438651035	0	0	3	

1438651035	0	0	0	

1438651035	0	0	0	

1438651035	0	0	3	

1438651035	0	0	2	

1438651035	0	0	4	

1438651035	0	0	2	

1438651035	0	0	3	

1438651035	0	0	0	

1438651035	0	0	4	

1438651035	0	0	2	

1438651035	0	0	0	

1438651035	0	0	3	

1438651035	0	0	4	

1438651035	0	0	4	

1438651035	0	0	3	

1438651036	0	0	2	

1438651036	0	0	3	

1438651036	0	0	2	

1438651036	0	0	0	

1438651036	0	0	4	

1438651036	0	0	4	

1438651036	0	0	2	

1438651036	0	0	3	

1438651036	0	0	0	

1438651036	0	0	4	

1438651036	0	0	2	

1438651036	0	0	0	

1438651036	0	0	3	

1438651036	0	0	0	

1438651036	0	0	4	

1438651036	0	0	2	

1438651036	0	0	3	

1438651036	0	0	0	

1438651036	0	0	3	

1438651036	0	0	4	

1438651036	0	0	2	

1438651036	0	0	4	

1438651036	0	0	2	

1438651036	0	0	0	

1438651036	0	0	2	

1438651036	0	0	3	

1438651036	0	0	0	

1438651036	0	0	4	

1438651036	0	0	2	

1438651036	0	0	0	

1438651036	0	0	3	

1438651036	0	0	4	

1438651036	0	0	0	

1438651036	0	0	3	

1438651036	0	0	4	

1438651036	0	0	2	

1438651036	0	0	0	

1438651036	0	0	4	

1438651036	0	0	2	
ID 3 Follower Started Election 
ID 0 0 0 Follower RequestVote 
ID 0 0 4 Follower RequestVote 
ID 0 0 2 Follower RequestVote 
ID 0 0 1 Leader RequestVote 
ID 3 Candidate Won Election 

1438651037	0	0	4	

1438651037	0	0	0	

1438651037	0	0	0	

1438651037	0	0	4	

1438651037	0	0	1	

1438651037	0	0	2	

1438651037	0	0	2	

1438651037	0	0	4	

1438651037	0	0	1	

1438651037	0	0	0	

1438651037	0	0	1	

1438651037	0	0	4	

1438651037	0	0	0	

1438651037	0	0	4	

1438651037	0	0	1	

1438651037	0	0	0	
ID 2 Follower Started Election 
ID 0 0 3 Leader RequestVote 
 
ID 2 Candidate Won Election 
ID 0 0 1 Follower RequestVote 

1438651037	0	0	1	

1438651037	0	0	1	
ID 0 0 4 Follower RequestVote 

1438651037	0	0	4	

1438651037	0	0	0	

1438651037	0	0	0	

1438651037	0	0	3	

1438651037	0	0	3	

1438651037	0	0	0	

1438651037	0	0	1	

1438651037	0	0	3	

1438651037	0	0	4	

1438651037	0	0	3	

1438651037	0	0	0	

1438651037	0	0	1	

1438651037	0	0	4	

1438651037	0	0	0	

1438651037	0	0	1	

1438651037	0	0	3	

1438651037	0	0	4	

1438651037	0	0	0	

1438651037	0	0	4	

1438651037	0	0	1	

1438651037	0	0	3	

1438651037	0	0	4	

1438651037	0	0	3	

1438651037	0	0	0	

1438651037	0	0	1	

1438651037	0	0	3	

1438651037	0	0	1	

1438651037	0	0	4	

1438651037	0	0	0	

1438651038	0	0	1	

1438651038	0	0	0	

1438651038	0	0	3	

1438651038	0	0	4	

1438651038	0	0	0	

1438651038	0	0	1	

1438651038	0	0	4	

1438651038	0	0	3	

1438651038	0	0	4	

1438651038	0	0	0	

1438651038	0	0	1	

1438651038	0	0	3	

1438651038	0	0	3	

1438651038	0	0	4	

1438651038	0	0	0	

1438651038	0	0	4	
ID 1 Follower Started Election 
ID 0 0 0 Follower RequestVote 
ID 1 Candidate Won Election 
ID 0 0 3 Follower RequestVote 

1438651038	0	0	3	

1438651038	0	0	3	
ID 0 0 4 Follower RequestVote 

1438651038	0	0	4	

1438651038	0	0	4	

1438651038	0	0	0	

1438651038	0	0	0	
ID 0 0 2 Follower RequestVote 
false
1438651038	0	0	2	

1438651038	0	0	2	

1438651038	0	0	4	

1438651038	0	0	2	

1438651038	0	0	3	

1438651038	0	0	0	

1438651038	0	0	2	

1438651038	0	0	3	

1438651038	0	0	4	

1438651038	0	0	0	

1438651038	0	0	2	

1438651038	0	0	4	

1438651038	0	0	3	

1438651038	0	0	2	

1438651038	0	0	0	

1438651038	0	0	4	

1438651038	0	0	3	

1438651038	0	0	2	

1438651038	0	0	4	

1438651038	0	0	3	

1438651038	0	0	4	

1438651038	0	0	0	

1438651038	0	0	3	

1438651038	0	0	2	

1438651038	0	0	3	

1438651038	0	0	0	

1438651039	0	0	4	

1438651039	0	0	0	

1438651039	0	0	3	

1438651039	0	0	2	

1438651039	0	0	4	

1438651039	0	0	4	

1438651039	0	0	3	

1438651039	0	0	0	

1438651039	0	0	3	

1438651039	0	0	2	

1438651039	0	0	0	

1438651039	0	0	4	

1438651039	0	0	2	

1438651039	0	0	4	

1438651039	0	0	0	

1438651039	0	0	2	

1438651039	0	0	3	

1438651039	0	0	4	

1438651039	0	0	0	

1438651039	0	0	4	

1438651039	0	0	2	

1438651039	0	0	0	

1438651039	0	0	3	

1438651039	0	0	2	

1438651039	0	0	3	

1438651039	0	0	4	

1438651039	0	0	0	

1438651039	0	0	2	

1438651039	0	0	3	

1438651039	0	0	0	

1438651039	0	0	4	

1438651039	0	0	2	

1438651039	0	0	3	

1438651039	0	0	4	

1438651039	0	0	0	

1438651039	0	0	3	

1438651039	0	0	4	

1438651039	0	0	2	

1438651039	0	0	0	

1438651039	0	0	4	

1438651039	0	0	3	

1438651039	0	0	2	

1438651039	0	0	0	

1438651039	0	0	2	

1438651039	0	0	3	

1438651039	0	0	0	

1438651039	0	0	4	

1438651040	0	0	4	

1438651040	0	0	3	

1438651040	0	0	2	

1438651040	0	0	0	

1438651040	0	0	3	

1438651040	0	0	4	

1438651040	0	0	2	

1438651040	0	0	0	

1438651040	0	0	4	

1438651040	0	0	3	

1438651040	0	0	0	

1438651040	0	0	2	

1438651040	0	0	3	

1438651040	0	0	2	

1438651040	0	0	0	

1438651040	0	0	4	

1438651040	0	0	0	

1438651040	0	0	3	

1438651040	0	0	4	

1438651040	0	0	2	

1438651040	0	0	0	

1438651040	0	0	3	

1438651040	0	0	2	

1438651040	0	0	4	

1438651040	0	0	2	

1438651040	0	0	3	

1438651040	0	0	0	

1438651040	0	0	4	

1438651040	0	0	2	

1438651040	0	0	3	

1438651040	0	0	0	

1438651040	0	0	3	

1438651040	0	0	4	

1438651040	0	0	2	

1438651040	0	0	0	

1438651040	0	0	4	

1438651040	0	0	0	

1438651040	0	0	2	

1438651040	0	0	3	

1438651040	0	0	3	

1438651040	0	0	0	

1438651040	0	0	2	

1438651040	0	0	4	

1438651041	0	0	0	

1438651041	0	0	3	

1438651041	0	0	4	

1438651041	0	0	2	

1438651041	0	0	0	

1438651041	0	0	4	

1438651041	0	0	3	

1438651041	0	0	2	

1438651041	0	0	3	

1438651041	0	0	0	

1438651041	0	0	4	

1438651041	0	0	2	

1438651041	0	0	3	

1438651041	0	0	4	

1438651041	0	0	0	

1438651041	0	0	2	

1438651041	0	0	0	

1438651041	0	0	3	

1438651041	0	0	4	

1438651041	0	0	2	

1438651041	0	0	2	

1438651041	0	0	0	

1438651041	0	0	3	

1438651041	0	0	4	

1438651041	0	0	2	

1438651041	0	0	3	

1438651041	0	0	0	

1438651041	0	0	4	

1438651041	0	0	3	

1438651041	0	0	0	

1438651041	0	0	4	

1438651041	0	0	2	

1438651041	0	0	3	

1438651041	0	0	0	

1438651041	0	0	2	

1438651041	0	0	4	

1438651041	0	0	4	

1438651041	0	0	2	
ID 3 Follower Started Election 
ID 0 0 4 Follower RequestVote 
ID 0 0 2 Follower RequestVote 
ID 0 0 1 Leader RequestVote 
ID 0 Follower Started Election 
ID 0 0 0 Candidate RequestVote 
falseID 3 Candidate Won Election 
ID 0 0 3 Leader RequestVote 
falseID 0 0 4 Follower RequestVote 
falseID 0 0 1 Follower RequestVote 
false
1438651041	0	0	1	

1438651041	0	0	1	
ID 0 0 2 Follower RequestVote 
false
1438651041	0	0	2	

1438651041	0	0	4	

1438651041	0	0	4	

1438651041	0	0	0	

1438651041	0	0	0	

1438651042	0	0	2	

1438651042	0	0	2	

1438651042	0	0	0	

1438651042	0	0	1	

1438651042	0	0	4	

1438651042	0	0	2	

1438651042	0	0	0	

1438651042	0	0	1	

1438651042	0	0	4	

1438651042	0	0	2	

1438651042	0	0	4	

1438651042	0	0	0	

1438651042	0	0	1	

1438651042	0	0	2	

1438651042	0	0	1	

1438651042	0	0	4	

1438651042	0	0	0	

1438651042	0	0	4	

1438651042	0	0	0	

1438651042	0	0	1	

1438651042	0	0	0	

1438651042	0	0	2	

1438651042	0	0	4	

1438651042	0	0	4	

1438651042	0	0	0	

1438651042	0	0	1	

1438651042	0	0	2	

1438651042	0	0	1	

1438651042	0	0	2	

1438651042	0	0	0	

1438651042	0	0	4	

1438651042	0	0	1	

1438651042	0	0	0	

1438651042	0	0	4	

1438651042	0	0	2	

1438651042	0	0	0	

1438651042	0	0	2	

1438651042	0	0	4	

1438651042	0	0	1	

1438651042	0	0	2	

1438651042	0	0	4	

1438651042	0	0	0	

1438651042	0	0	1	

1438651043	0	0	0	

1438651043	0	0	4	

1438651043	0	0	1	

1438651043	0	0	2	

1438651043	0	0	0	

1438651043	0	0	4	

1438651043	0	0	1	

1438651043	0	0	0	

1438651043	0	0	2	

1438651043	0	0	4	

1438651043	0	0	1	

1438651043	0	0	1	

1438651043	0	0	4	

1438651043	0	0	2	

1438651043	0	0	0	

1438651043	0	0	4	

1438651043	0	0	2	

1438651043	0	0	0	

1438651043	0	0	1	

1438651043	0	0	4	

1438651043	0	0	1	

1438651043	0	0	2	

1438651043	0	0	0	

1438651043	0	0	2	

1438651043	0	0	4	

1438651043	0	0	0	

1438651043	0	0	1	

1438651043	0	0	1	

1438651043	0	0	0	

1438651043	0	0	2	

1438651043	0	0	4	

1438651043	0	0	1	

1438651043	0	0	2	

1438651043	0	0	0	

1438651043	0	0	4	

1438651043	0	0	4	

1438651043	0	0	0	

1438651043	0	0	1	

1438651043	0	0	2	

1438651043	0	0	1	

1438651043	0	0	2	

1438651044	0	0	4	

1438651044	0	0	0	

1438651044	0	0	1	

1438651044	0	0	0	

1438651044	0	0	2	

1438651044	0	0	4	

1438651044	0	0	1	

1438651044	0	0	4	

1438651044	0	0	0	

1438651044	0	0	2	

1438651044	0	0	2	

1438651044	0	0	0	

1438651044	0	0	1	

1438651044	0	0	4	

1438651044	0	0	2	

1438651044	0	0	0	

1438651044	0	0	1	

1438651044	0	0	4	

1438651044	0	0	1	

1438651044	0	0	0	

1438651044	0	0	2	

1438651044	0	0	1	

1438651044	0	0	0	

1438651044	0	0	4	

1438651044	0	0	2	

1438651044	0	0	1	

1438651044	0	0	0	

1438651044	0	0	2	

1438651044	0	0	4	

1438651044	0	0	1	

1438651044	0	0	4	

1438651044	0	0	2	

1438651044	0	0	0	

1438651044	0	0	1	

1438651044	0	0	0	

1438651044	0	0	4	

1438651044	0	0	2	

1438651044	0	0	2	

1438651044	0	0	0	

1438651044	0	0	1	

1438651044	0	0	4	

1438651045	0	0	0	

1438651045	0	0	2	

1438651045	0	0	4	

1438651045	0	0	1	

1438651045	0	0	4	

1438651045	0	0	2	

1438651045	0	0	0	

1438651045	0	0	1	

1438651045	0	0	1	

1438651045	0	0	2	

1438651045	0	0	4	

1438651045	0	0	0	

1438651045	0	0	2	

1438651045	0	0	1	

1438651045	0	0	0	

1438651045	0	0	4	

1438651045	0	0	1	

1438651045	0	0	2	

1438651045	0	0	4	

1438651045	0	0	0	

1438651045	0	0	0	

1438651045	0	0	1	

1438651045	0	0	2	

1438651045	0	0	0	

1438651045	0	0	2	

1438651045	0	0	1	

1438651045	0	0	1	

1438651045	0	0	0	

1438651045	0	0	4	

1438651045	0	0	1	

1438651045	0	0	0	

1438651045	0	0	2	

1438651045	0	0	4	

1438651045	0	0	4	

1438651045	0	0	2	

1438651045	0	0	1	

1438651045	0	0	0	

1438651045	0	0	1	

1438651045	0	0	0	

1438651046	0	0	2	

1438651046	0	0	4	
Follower Command closesockFollower Command HelloLeaader 0

1438651046	0	0	1	

1438651046	0	0	4	
Follower Command closesock
1438651046	0	0	0	

1438651046	0	0	2	
Leader Command Hello
1438651046	0	1	3	Hello	
Try
Try
Try
Try
match count 02

1438651046	1	1	3	Hello	
Try
Try

1438651046	0	1	0	Hello	

1438651046	0	1	2	Hello	

1438651046	1	1	2	Hello	

1438651046	1	1	0	Hello	

1438651046	1	1	4	Hello	

1438651046	1	1	1	Hello	

1438651046	1	1	2	Hello	

1438651046	1	1	1	Hello	

1438651046	1	1	0	Hello	

1438651046	1	1	4	Hello	

1438651046	1	1	0	Hello	

1438651046	1	1	2	Hello	

1438651046	1	1	1	Hello	

1438651046	1	1	1	Hello	

1438651046	1	1	2	Hello	

1438651046	1	1	4	Hello	

1438651046	1	1	1	Hello	

1438651046	1	1	2	Hello	

1438651046	1	1	0	Hello	

1438651046	1	1	4	Hello	

1438651046	1	1	2	Hello	

1438651046	1	1	0	Hello	

1438651046	1	1	4	Hello	

1438651046	1	1	1	Hello	

1438651046	1	1	0	Hello	

1438651046	1	1	2	Hello	
ID 4 Follower Started Election 
ID 1 1 2 Follower RequestVote 
ID 4 Candidate Won Election 
ID 1 1 1 Follower RequestVote 
ID 1 1 3 Leader RequestVote 

1438651046	1	1	3	Hello	
ID 1 1 0 Follower RequestVote 

1438651046	1	1	0	Hello	

1438651046	1	1	1	Hello	

1438651046	1	1	1	Hello	

1438651046	1	1	0	Hello	

1438651046	1	1	3	Hello	

1438651046	1	1	2	Hello	

1438651046	1	1	2	Hello	

1438651046	1	1	0	Hello	

1438651046	1	1	1	Hello	

1438651046	1	1	3	Hello	

1438651046	1	1	2	Hello	

1438651047	1	1	0	Hello	

1438651047	1	1	1	Hello	

1438651047	1	1	2	Hello	

1438651047	1	1	0	Hello	

1438651047	1	1	2	Hello	

1438651047	1	1	3	Hello	

1438651047	1	1	1	Hello	

1438651047	1	1	0	Hello	

1438651047	1	1	1	Hello	

1438651047	1	1	3	Hello	

1438651047	1	1	2	Hello	
Follower Command HowLeaader 3

1438651047	1	1	0	Hello	
Follower Command closesock
1438651047	1	1	1	Hello	

1438651047	1	1	2	Hello	
Leader Command How
1438651047	1	2	4	Hello	How	

1438651047	1	1	3	Hello	
Try
Try
Try
Try
match count 01

1438651047	2	2	4	Hello	How	

1438651047	1	2	0	Hello	How	

1438651047	1	2	1	Hello	How	

1438651047	2	2	1	Hello	How	

1438651047	2	2	0	Hello	How	

1438651047	1	2	2	Hello	How	

1438651047	1	2	3	Hello	How	

1438651047	2	2	3	Hello	How	

1438651047	2	2	2	Hello	How	

1438651047	2	2	3	Hello	How	

1438651047	2	2	0	Hello	How	

1438651047	2	2	2	Hello	How	

1438651047	2	2	1	Hello	How	

1438651047	2	2	1	Hello	How	

1438651047	2	2	3	Hello	How	

1438651047	2	2	0	Hello	How	

1438651047	2	2	2	Hello	How	

1438651047	2	2	3	Hello	How	

1438651047	2	2	0	Hello	How	

1438651047	2	2	2	Hello	How	

1438651047	2	2	1	Hello	How	

1438651047	2	2	0	Hello	How	

1438651047	2	2	3	Hello	How	

1438651047	2	2	1	Hello	How	

1438651047	2	2	2	Hello	How	

1438651047	2	2	0	Hello	How	

1438651047	2	2	3	Hello	How	

1438651047	2	2	1	Hello	How	

1438651047	2	2	2	Hello	How	

1438651048	2	2	2	Hello	How	

1438651048	2	2	3	Hello	How	

1438651048	2	2	0	Hello	How	

1438651048	2	2	1	Hello	How	

1438651048	2	2	0	Hello	How	

1438651048	2	2	1	Hello	How	

1438651048	2	2	2	Hello	How	

1438651048	2	2	3	Hello	How	

1438651048	2	2	1	Hello	How	

1438651048	2	2	3	Hello	How	

1438651048	2	2	2	Hello	How	

1438651048	2	2	0	Hello	How	

1438651048	2	2	1	Hello	How	

1438651048	2	2	0	Hello	How	

1438651048	2	2	2	Hello	How	

1438651048	2	2	3	Hello	How	

1438651048	2	2	1	Hello	How	

1438651048	2	2	2	Hello	How	

1438651048	2	2	0	Hello	How	
Leader Command closesock
1438651048	2	2	1	Hello	How	
Follower Command quitQuited
1438651048	2	2	2	Hello	How	

1438651048	2	2	3	Hello	How	

1438651048	2	2	3	Hello	How	

1438651048	2	2	2	Hello	How	

1438651048	2	2	1	Hello	How	

1438651048	2	2	1	Hello	How	

1438651048	2	2	3	Hello	How	

1438651048	2	2	2	Hello	How	

1438651048	2	2	1	Hello	How	

1438651048	2	2	2	Hello	How	

1438651048	2	2	3	Hello	How	
Child 0 completed

1438651048	2	2	3	Hello	How	

1438651048	2	2	1	Hello	How	

1438651048	2	2	2	Hello	How	

1438651048	2	2	2	Hello	How	

1438651048	2	2	1	Hello	How	

1438651048	2	2	3	Hello	How	

1438651048	2	2	3	Hello	How	

1438651048	2	2	2	Hello	How	

1438651048	2	2	1	Hello	How	

1438651049	2	2	1	Hello	How	

1438651049	2	2	2	Hello	How	

1438651049	2	2	3	Hello	How	

1438651049	2	2	1	Hello	How	

1438651049	2	2	2	Hello	How	

1438651049	2	2	3	Hello	How	

1438651049	2	2	2	Hello	How	

1438651049	2	2	1	Hello	How	

1438651049	2	2	3	Hello	How	

1438651049	2	2	2	Hello	How	

1438651049	2	2	3	Hello	How	

1438651049	2	2	3	Hello	How	

1438651049	2	2	2	Hello	How	
ID 1 Follower Started Election 
ID 2 2 2 Follower RequestVote 
ID 2 2 3 Follower RequestVote 
Candidate Command AreLeaader 1
ID 1 Candidate Won Election 
ID 2 2 4 Leader RequestVote 

1438651049	2	2	4	Hello	How	

1438651049	2	2	3	Hello	How	

1438651049	2	2	3	Hello	How	

1438651049	2	2	4	Hello	How	

1438651049	2	2	2	Hello	How	

1438651049	2	2	2	Hello	How	
Leader Command closesockFollower Command AreLeaader 4
Follower Command closesockLeader Command Are
1438651049	2	3	1	Hello	How	Are	
Try
Try
Try
Try
match count 34

1438651049	3	3	1	Hello	How	Are	
Try

1438651049	2	3	4	Hello	How	Are	

1438651049	2	3	3	Hello	How	Are	

1438651049	3	3	3	Hello	How	Are	

1438651049	3	3	4	Hello	How	Are	

1438651049	2	3	2	Hello	How	Are	

1438651049	3	3	2	Hello	How	Are	
Try

1438651049	3	3	3	Hello	How	Are	

1438651049	3	3	2	Hello	How	Are	
Try

1438651049	3	3	2	Hello	How	Are	

1438651049	3	3	4	Hello	How	Are	

1438651049	3	3	3	Hello	How	Are	
Try

1438651049	3	3	2	Hello	How	Are	

1438651049	3	3	3	Hello	How	Are	

1438651049	3	3	4	Hello	How	Are	
Try

1438651049	3	3	4	Hello	How	Are	

1438651049	3	3	2	Hello	How	Are	

1438651050	3	3	3	Hello	How	Are	
Try

1438651050	3	3	3	Hello	How	Are	

1438651050	3	3	4	Hello	How	Are	
Try

1438651050	3	3	2	Hello	How	Are	

1438651050	3	3	4	Hello	How	Are	

1438651050	3	3	3	Hello	How	Are	
Try

1438651050	3	3	4	Hello	How	Are	

1438651050	3	3	3	Hello	How	Are	

1438651050	3	3	2	Hello	How	Are	
Try

1438651050	3	3	3	Hello	How	Are	

1438651050	3	3	4	Hello	How	Are	

1438651050	3	3	2	Hello	How	Are	
Try

1438651050	3	3	2	Hello	How	Are	

1438651050	3	3	4	Hello	How	Are	

1438651050	3	3	3	Hello	How	Are	
Try

1438651050	3	3	3	Hello	How	Are	

1438651050	3	3	2	Hello	How	Are	

1438651050	3	3	4	Hello	How	Are	
Try

1438651050	3	3	4	Hello	How	Are	

1438651050	3	3	3	Hello	How	Are	

1438651050	3	3	2	Hello	How	Are	
Try

1438651050	3	3	4	Hello	How	Are	

1438651050	3	3	3	Hello	How	Are	

1438651050	3	3	2	Hello	How	Are	
Leader Command closesockFollower Command quitQuitedTry

1438651050	3	3	3	Hello	How	Are	

1438651050	3	3	4	Hello	How	Are	
Try

1438651050	3	3	4	Hello	How	Are	

1438651050	3	3	3	Hello	How	Are	
Try

1438651050	3	3	4	Hello	How	Are	

1438651050	3	3	3	Hello	How	Are	
Child 2 completed
Try

1438651050	3	3	4	Hello	How	Are	
Try

1438651051	3	3	3	Hello	How	Are	

1438651051	3	3	4	Hello	How	Are	
Try

1438651051	3	3	3	Hello	How	Are	

1438651051	3	3	4	Hello	How	Are	
Try

1438651051	3	3	3	Hello	How	Are	

1438651051	3	3	4	Hello	How	Are	
Try

1438651051	3	3	3	Hello	How	Are	

1438651051	3	3	4	Hello	How	Are	
Try

1438651051	3	3	3	Hello	How	Are	

1438651051	3	3	4	Hello	How	Are	
Try

1438651051	3	3	3	Hello	How	Are	

1438651051	3	3	4	Hello	How	Are	
Try

1438651051	3	3	4	Hello	How	Are	

1438651051	3	3	3	Hello	How	Are	
Try

1438651051	3	3	4	Hello	How	Are	
Leader Command You
1438651051	3	4	1	Hello	How	Are	You	

1438651051	3	3	3	Hello	How	Are	
Try
Try
Try
Try
Try
Try
Try
match count 34

1438651051	3	4	4	Hello	How	Are	You	

1438651051	4	4	1	Hello	How	Are	You	
Try
Try

1438651051	3	4	3	Hello	How	Are	You	

1438651051	4	4	3	Hello	How	Are	You	

1438651051	3	4	4	Hello	How	Are	You	

1438651051	4	4	4	Hello	How	Are	You	
Try
Try

1438651052	4	4	3	Hello	How	Are	You	

1438651052	4	4	4	Hello	How	Are	You	
Try
Try

1438651052	4	4	3	Hello	How	Are	You	

1438651052	4	4	4	Hello	How	Are	You	
Try
Try

1438651052	4	4	3	Hello	How	Are	You	

1438651052	4	4	4	Hello	How	Are	You	
Try
Try

1438651052	4	4	3	Hello	How	Are	You	

1438651052	4	4	4	Hello	How	Are	You	
Try
Try

1438651052	4	4	3	Hello	How	Are	You	

1438651052	4	4	4	Hello	How	Are	You	
Try
Try

1438651052	4	4	4	Hello	How	Are	You	

1438651052	4	4	3	Hello	How	Are	You	
Try
Try

1438651052	4	4	4	Hello	How	Are	You	

1438651052	4	4	3	Hello	How	Are	You	
Try
Try

1438651052	4	4	3	Hello	How	Are	You	

1438651052	4	4	4	Hello	How	Are	You	
Try
Try

1438651052	4	4	3	Hello	How	Are	You	
Try
Try
ID 4 Follower Started Election 
ID 4 4 3 Follower RequestVote 
ID 4 Candidate Won Election 
ID 4 4 1 Follower RequestVote 
false
1438651052	4	4	1	Hello	How	Are	You	

1438651052	4	4	3	Hello	How	Are	You	

1438651052	4	4	3	Hello	How	Are	You	
Follower Command TodayLeaader 1
Follower Command closesockLeader Command Today
1438651052	4	5	4	Hello	How	Are	You	Today	

1438651052	4	4	1	Hello	How	Are	You	

1438651052	4	4	3	Hello	How	Are	You	
Try
Try
Try
Try
match count 13

1438651053	5	5	4	Hello	How	Are	You	Today	
Try
Try

1438651053	4	5	1	Hello	How	Are	You	Today	

1438651053	4	5	3	Hello	How	Are	You	Today	

1438651053	5	5	1	Hello	How	Are	You	Today	

1438651053	5	5	3	Hello	How	Are	You	Today	
Try
Try

1438651053	5	5	3	Hello	How	Are	You	Today	

1438651053	5	5	1	Hello	How	Are	You	Today	
Try
Try

1438651053	5	5	3	Hello	How	Are	You	Today	

1438651053	5	5	1	Hello	How	Are	You	Today	
Try
Try

1438651053	5	5	3	Hello	How	Are	You	Today	

1438651053	5	5	1	Hello	How	Are	You	Today	
Try
Try

1438651053	5	5	3	Hello	How	Are	You	Today	

1438651053	5	5	1	Hello	How	Are	You	Today	
Try
Try

1438651053	5	5	3	Hello	How	Are	You	Today	

1438651053	5	5	1	Hello	How	Are	You	Today	
Try
Try

1438651053	5	5	1	Hello	How	Are	You	Today	

1438651053	5	5	3	Hello	How	Are	You	Today	
Try
Try

1438651053	5	5	1	Hello	How	Are	You	Today	

1438651053	5	5	3	Hello	How	Are	You	Today	
Try
Try

1438651053	5	5	1	Hello	How	Are	You	Today	

1438651053	5	5	3	Hello	How	Are	You	Today	
Try
Try

1438651053	5	5	1	Hello	How	Are	You	Today	

1438651053	5	5	3	Hello	How	Are	You	Today	
Try
Try

1438651053	5	5	1	Hello	How	Are	You	Today	

1438651053	5	5	3	Hello	How	Are	You	Today	
Leader Command closesockFollower Command quitQuitedTry
Try
Follower Command quitQuitedLeader Command quitQuitedChild 1 completed
Child 3 completed
Child 4 completed
