Time	CommitID	LogID	NodeID	Logs
1438132717	0	0	3	

1438132717	0	0	3	

1438132717	0	0	3	

1438132717	0	0	3	

1438132717	0	0	3	

1438132717	0	0	3	

1438132718	0	0	3	

1438132718	0	0	3	

1438132718	0	0	3	

1438132718	0	0	3	

1438132718	0	0	3	

1438132718	0	0	3	

1438132718	0	0	3	

1438132718	0	0	3	

1438132718	0	0	3	

1438132718	0	0	3	

1438132718	0	0	3	

1438132718	0	0	3	

1438132719	0	0	3	

1438132719	0	0	3	

1438132719	0	0	3	

1438132719	0	0	3	

1438132719	0	0	3	

1438132719	0	0	3	

1438132719	0	0	3	

1438132719	0	0	3	

1438132719	0	0	3	

1438132719	0	0	3	

1438132719	0	0	3	

1438132719	0	0	3	

1438132719	0	0	3	

1438132720	0	0	3	

1438132720	0	0	3	

1438132720	0	0	3	

1438132720	0	0	3	

1438132720	0	0	3	

1438132720	0	0	3	

1438132720	0	0	3	

1438132720	0	0	3	

1438132720	0	0	3	

1438132720	0	0	3	

1438132720	0	0	3	

1438132720	0	0	3	

1438132721	0	0	3	

1438132721	0	0	3	

1438132721	0	0	3	

1438132721	0	0	3	

1438132721	0	0	3	

1438132721	0	0	3	

1438132721	0	0	3	

1438132721	0	0	3	

1438132721	0	0	3	

1438132721	0	0	3	

1438132721	0	0	3	

1438132721	0	0	3	

1438132721	0	0	3	

1438132722	0	0	3	

1438132722	0	0	3	

1438132722	0	0	3	

1438132722	0	0	3	

1438132722	0	0	3	

1438132722	0	0	3	

1438132722	0	0	3	

1438132722	0	0	3	

1438132722	0	0	3	

1438132722	0	0	3	

1438132722	0	0	3	

1438132722	0	0	3	

1438132723	0	0	3	

1438132723	0	0	3	

1438132723	0	0	3	

1438132723	0	0	3	

1438132723	0	0	3	

1438132723	0	0	3	

1438132723	0	0	3	

1438132723	0	0	3	

1438132723	0	0	3	

1438132723	0	0	3	

1438132723	0	0	3	

1438132726	0	0	3	

1438132726	0	0	3	

1438132726	0	0	3	

1438132726	0	0	3	

1438132726	0	0	3	

1438132726	0	0	3	

1438132726	0	0	3	

1438132726	0	0	3	

1438132726	0	0	3	

1438132726	0	0	3	

1438132727	0	0	3	

1438132727	0	0	3	

1438132727	0	0	3	

1438132727	0	0	3	

1438132727	0	0	3	

1438132727	0	0	3	

1438132727	0	0	3	

1438132727	0	0	3	

1438132727	0	0	3	

1438132727	0	0	3	

1438132727	0	0	3	

1438132727	0	0	3	

1438132727	0	0	3	

1438132727	0	0	3	

1438132728	0	0	3	

1438132728	0	0	3	

1438132728	0	0	3	

1438132728	0	0	3	

1438132728	0	0	3	

1438132728	0	0	3	

1438132728	0	0	3	

1438132728	0	0	3	

1438132728	0	0	3	

1438132728	0	0	3	

1438132728	0	0	3	

1438132728	0	0	3	

1438132729	0	0	3	

1438132729	0	0	3	

1438132729	0	0	3	

1438132729	0	0	3	

1438132729	0	0	3	

1438132729	0	0	3	

1438132729	0	0	3	

1438132729	0	0	3	

1438132729	0	0	3	

1438132729	0	0	3	

1438132729	0	0	3	

1438132730	0	0	3	

1438132730	0	0	3	

1438132730	0	0	3	

1438132730	0	0	3	

1438132730	0	0	3	

1438132730	0	0	3	

1438132730	0	0	3	

1438132730	0	0	3	

1438132730	0	0	3	

1438132730	0	0	3	

1438132730	0	0	3	

1438132730	0	0	3	

1438132730	0	0	3	

1438132731	0	0	3	

1438132731	0	1	3	Hello	

1438132731	1	1	3	Hello	

1438132731	1	1	3	Hello	

1438132731	1	1	3	Hello	

1438132731	1	1	3	Hello	

1438132731	1	1	3	Hello	

1438132731	1	1	3	Hello	

1438132731	1	1	3	Hello	

1438132731	1	1	3	Hello	

1438132731	1	1	3	Hello	

1438132731	1	1	3	Hello	

1438132732	1	1	3	Hello	

1438132732	1	1	3	Hello	

1438132732	1	2	3	Hello	How	

1438132732	2	2	3	Hello	How	

1438132732	2	2	3	Hello	How	

1438132732	2	2	3	Hello	How	

1438132732	2	2	3	Hello	How	

1438132732	2	2	3	Hello	How	

1438132732	2	2	3	Hello	How	

1438132732	2	2	3	Hello	How	

1438132732	2	2	3	Hello	How	

1438132732	2	2	3	Hello	How	

1438132733	2	2	3	Hello	How	

1438132733	2	2	3	Hello	How	

1438132733	2	2	3	Hello	How	

1438132733	2	2	3	Hello	How	

1438132733	2	2	3	Hello	How	

1438132733	2	2	3	Hello	How	

1438132733	2	2	3	Hello	How	

1438132733	2	2	3	Hello	How	

1438132733	2	2	3	Hello	How	

1438132733	2	2	3	Hello	How	

1438132733	2	2	3	Hello	How	

1438132733	2	2	3	Hello	How	

1438132734	2	2	3	Hello	How	

1438132734	2	2	3	Hello	How	

1438132734	2	2	3	Hello	How	

1438132734	2	2	3	Hello	How	

1438132734	2	3	3	Hello	How	Are	

1438132734	3	3	3	Hello	How	Are	

1438132734	3	3	3	Hello	How	Are	

1438132734	3	3	3	Hello	How	Are	

1438132734	3	3	3	Hello	How	Are	

1438132734	3	3	3	Hello	How	Are	

1438132734	3	3	3	Hello	How	Are	

1438132734	3	3	3	Hello	How	Are	

1438132735	3	3	3	Hello	How	Are	

1438132735	3	3	3	Hello	How	Are	

1438132735	3	3	3	Hello	How	Are	

1438132735	3	3	3	Hello	How	Are	

1438132735	3	3	3	Hello	How	Are	

1438132735	3	3	3	Hello	How	Are	

1438132736	3	4	3	Hello	How	Are	You	

1438132736	4	4	3	Hello	How	Are	You	

1438132737	4	5	3	Hello	How	Are	You	Today	

1438132737	5	5	3	Hello	How	Are	You	Today	
